9
14
19
34
40
47
52
59
68
79
81
92
97
100
104
110
114
118
122
125
127
127
130
131
133
138
150
150
155
157
171
180
187
188
192
192
192
194
195
196
197
198
200
201
201
202
204
211
216
225
230
231
243
246
247
268
270
272
276
277
279
287
292
299
301
307
313
313
316
327
335
342
344
345
346
350
360
367
373
375
390
397
399
402
411
414
428
431
453
454
455
464
477
498
503
505
505
518
538
544
552
556
563
568
569
571
579
580
583
586
597
602
614
620
626
626
627
629
629
630
633
639
643
649
652
654
655
673
673
673
675
676
688
698
706
706
710
719
727
732
733
736
744
759
763
770
774
776
780
782
789
789
791
798
801
810
810
812
816
818
819
827
832
836
839
861
861
869
872
877
894
894
905
906
926
928
932
935
937
941
942
942
964
967
970
970
979
979
982
984
987
991
992
993
999
1000
1001
1018
1018
1019
1020
1021
1029
1031
1033
1034
1037
1037
1045
1056
1061
1068
1071
1072
1072
1073
1090
1097
1104
1105
1106
1111
1112
1115
1115
1120
1125
1139
1145
1147
1149
1166
1172
1172
1173
1175
1177
1182
1196
1199
1203
1209
1216
1228
1236
1240
1242
1247
1258
1264
1265
1268
1277
1278
1280
1281
1288
1292
1292
1294
1298
1316
1322
1323
1324
1326
1328
1329
1333
1336
1339
1343
1353
1354
1363
1365
1368
1371
1375
1379
1387
1393
1397
1401
1401
1401
1405
1412
1417
1417
1422
1423
1425
1427
1435
1435
1442
1443
1446
1453
1467
1468
1471
1481
1482
1488
1492
1511
1511
1519
1521
1537
1540
1544
1545
1557
1567
1578
1585
1586
1595
1600
1600
1610
1621
1625
1630
1639
1644
1644
1645
1649
1650
1656
1657
1661
1663
1663
1666
1671
1677
1680
1684
1686
1691
1692
1692
1696
1696
1704
1705
1711
1712
1715
1717
1717
1718
1718
1720
1722
1725
1733
1753
1757
1766
1769
1770
1773
1775
1775
1776
1787
1805
1807
1809
1810
1812
1814
1814
1818
1826
1828
1836
1841
1842
1850
1852
1856
1858
1860
1864
1875
1878
1893
1896
1899
1903
1906
1907
1907
1911
1914
1917
1921
1924
1948
1950
1960
1964
1964
1973
1976
1987
1991
2002
2005
2006
2009
2011
2034
2035
2043
2045
2045
2052
2058
2059
2066
2080
2085
2088
2092
2095
2116
2120
2127
2132
2139
2143
2145
2145
2146
2151
2153
2160
2161
2165
2171
2172
2172
2181
2193
2193
2206
2213
2227
2229
2235
2244
2246
2249
2252
2256
2256
2257
2258
2263
2263
2265
2270
2271
2278
2280
2284
2284
2286
2305
2307
2309
2311
2321
2323
2332
2334
2343
2344
2350
2352
2357
2358
2359
2360
2364
2368
2377
2378
2390
2392
2393
2397
2397
2424
2434
2435
2437
2443
2451
2452
2454
2455
2465
2469
2469
2469
2472
2473
2474
2474
2483
2488
2496
2497
2512
2514
2515
2520
2521
2525
2528
2540
2543
2547
2548
2557
2558
2560
2566
2567
2568
2571
2574
2575
2579
2593
2602
2617
2617
2627
2631
2633
2634
2640
2641
2649
2653
2659
2660
2667
2685
2686
2686
2709
2724
2725
2739
2739
2741
2747
2749
2754
2757
2761
2765
2774
2781
2784
2787
2794
2796
2797
2816
2822
2828
2832
2836
2837
2840
2847
2853
2854
2866
2870
2870
2893
2895
2896
2903
2908
2913
2916
2918
2929
2935
2942
2942
2944
2945
2948
2950
2951
2953
2954
2956
2960
2962
2963
2969
2995
2997
2997
2999
3001
3002
3010
3011
3013
3018
3019
3019
3027
3036
3040
3045
3056
3059
3067
3068
3069
3090
3094
3110
3110
3112
3113
3114
3115
3122
3136
3136
3137
3141
3141
3153
3162
3164
3167
3169
3182
3194
3198
3201
3207
3208
3211
3219
3220
3225
3227
3229
3233
3235
3237
3238
3246
3251
3256
3259
3259
3261
3264
3270
3279
3279
3283
3293
3304
3304
3305
3308
3315
3322
3324
3325
3329
3338
3341
3345
3348
3363
3365
3368
3380
3382
3398
3402
3409
3412
3417
3418
3418
3422
3422
3424
3426
3436
3439
3444
3444
3450
3454
3462
3462
3466
3467
3468
3471
3474
3487
3506
3507
3508
3529
3540
3547
3560
3562
3563
3564
3571
3574
3575
3585
3587
3591
3591
3612
3619
3620
3621
3624
3624
3632
3636
3649
3650
3654
3655
3657
3657
3658
3693
3694
3699
3703
3703
3704
3706
3713
3713
3713
3721
3727
3727
3733
3738
3740
3746
3751
3753
3755
3761
3765
3767
3775
3785
3785
3799
3801
3806
3809
3815
3819
3827
3852
3860
3866
3880
3888
3896
3898
3900
3902
3916
3917
3918
3919
3923
3924
3924
3930
3937
3945
3945
3948
3950
3958
3958
3960
3968
3969
3972
3981
3982
3984
3991
3991
3994
3996
4001
4010
4015
4019
4031
4035
4039
4044
4050
4054
4059
4065
4070
4073
4086
4090
4092
4095
4114
4135
4139
4143
4146
4148
4151
4161
4162
4165
4168
4170
4173
4174
4179
4184
4191
4191
4193
4195
4202
4203
4208
4209
4212
4213
4214
4221
4221
4226
4227
4229
4230
4232
4233
4234
4241
4245
4251
4251
4252
4254
4255
4258
4261
4265
4268
4275
4284
4289
4290
4293
4303
4306
4308
4311
4312
4315
4324
4325
4328
4330
4330
4331
4335
4340
4342
4354
4360
4361
4373
4379
4381
4389
4389
4390
4391
4394
4395
4397
4399
4400
4401
4402
4412
4414
4415
4416
4419
4429
4433
4434
4453
4454
4454
4459
4464
4469
4470
4473
4475
4475
4476
4476
4479
4481
4487
4488
4494
4500
4503
4503
4506
4510
4511
4516
4520
4522
4524
4528
4528
4533
4536
4537
4540
4542
4562
4570
4573
4576
4583
4585
4589
4592
4596
4609
4610
4616
4616
4626
4639
4641
4645
4646
4659
4663
4664
4671
4672
4683
4686
4695
4699
4704
4712
4712
4719
4719
4719
4724
4725
4727
4729
4730
4740
4746
4746
4751
4751
4772
4786
4788
4791
4792
4800
4811
4824
4831
4831
4831
4837
4854
4862
4865
4873
4876
4885
4888
4896
4897
4902
4922
4925
4929
4931
4937
4963
4974
4981
4984
4989
4991
4999
5000
5001
5003
5004
5006
5006
5008
5014
5020
5022
5034
5040
5041
5047
5049
5052
5056
5067
5067
5068
5085
5086
5090
5091
5091
5097
5098
5100
5101
5102
5103
5104
5107
5108
5109
5127
5128
5129
5131
5132
5133
5134
5142
5144
5144
5148
5155
5156
5156
5158
5159
5167
5175
5176
5179
5183
5184
5184
5186
5188
5191
5192
5196
5200
5201
5214
5215
5221
5230
5230
5246
5249
5250
5259
5261
5274
5274
5276
5277
5288
5300
5301
5313
5315
5320
5326
5329
5334
5360
5361
5365
5374
5379
5383
5388
5394
5395
5400
5409
5419
5431
5440
5448
5455
5456
5457
5459
5468
5479
5480
5482
5486
5486
5491
5493
5499
5506
5516
5530
5531
5542
5543
5545
5546
5549
5549
5560
5564
5565
5567
5570
5571
5572
5580
5584
5602
5603
5604
5607
5612
5626
5632
5637
5641
5642
5645
5646
5652
5652
5653
5656
5661
5664
5665
5677
5688
5690
5693
5693
5694
5700
5703
5704
5706
5707
5707
5723
5728
5742
5748
5749
5754
5755
5755
5764
5766
5770
5774
5783
5784
5785
5787
5788
5800
5802
5807
5813
5814
5815
5815
5817
5820
5826
5832
5834
5835
5839
5840
5842
5847
5851
5856
5864
5877
5889
5895
5905
5911
5918
5930
5930
5932
5936
5938
5939
5940
5940
5943
5963
5966
5969
5975
5977
5983
5983
5986
5990
5995
5999
5999
6004
6010
6010
6011
6013
6022
6029
6039
6043
6045
6053
6064
6066
6068
6069
6075
6078
6082
6085
6104
6112
6114
6119
6120
6125
6125
6130
6134
6144
6152
6154
6157
6160
6168
6170
6173
6186
6190
6192
6201
6204
6208
6211
6223
6229
6230
6232
6235
6248
6249
6256
6258
6259
6263
6264
6264
6276
6283
6297
6298
6311
6321
6329
6339
6354
6361
6365
6371
6373
6378
6388
6396
6400
6406
6407
6408
6408
6411
6416
6418
6418
6419
6422
6424
6425
6429
6434
6439
6443
6452
6455
6461
6483
6484
6492
6499
6500
6500
6507
6507
6514
6521
6523
6533
6533
6535
6553
6556
6567
6591
6592
6595
6600
6601
6603
6604
6605
6607
6615
6621
6622
6624
6625
6625
6632
6637
6637
6657
6657
6662
6668
6670
6672
6673
6674
6679
6682
6683
6687
6693
6697
6706
6706
6714
6720
6725
6732
6734
6735
6737
6748
6752
6753
6758
6761
6767
6771
6772
6779
6784
6785
6790
6793
6800
6802
6802
6807
6807
6821
6823
6826
6826
6831
6833
6871
6873
6878
6886
6895
6896
6901
6909
6912
6916
6922
6927
6940
6940
6943
6943
6946
6951
6952
6954
6957
6958
6960
6971
6980
6982
6983
6991
6991
6993
7003
7007
7008
7016
7016
7016
7019
7030
7038
7046
7052
7053
7054
7057
7060
7065
7066
7070
7072
7073
7086
7099
7100
7105
7108
7111
7123
7133
7136
7142
7142
7152
7157
7166
7178
7186
7189
7199
7207
7224
7225
7232
7232
7241
7250
7252
7254
7269
7271
7275
7280
7283
7286
7296
7303
7312
7312
7317
7317
7327
7337
7344
7346
7353
7357
7361
7362
7363
7364
7367
7367
7369
7374
7386
7398
7399
7399
7404
7410
7414
7430
7436
7442
7452
7455
7460
7465
7468
7468
7478
7478
7485
7485
7500
7517
7530
7530
7531
7535
7536
7562
7571
7576
7577
7596
7602
7613
7626
7631
7652
7654
7661
7665
7668
7675
7680
7683
7686
7691
7718
7718
7718
7727
7735
7738
7740
7742
7756
7757
7765
7768
7771
7773
7790
7790
7792
7794
7809
7813
7816
7820
7821
7829
7830
7834
7838
7840
7841
7846
7849
7856
7859
7861
7865
7865
7873
7875
7877
7889
7898
7903
7905
7907
7907
7910
7918
7924
7930
7932
7937
7946
7947
7950
7951
7960
7962
7968
7978
7985
7987
7988
7989
7990
7996
8005
8010
8011
8015
8027
8039
8040
8057
8062
8063
8068
8077
8099
8100
8100
8112
8114
8122
8129
8130
8133
8133
8145
8156
8163
8163
8166
8166
8202
8203
8204
8210
8218
8238
8240
8247
8252
8259
8264
8280
8282
8286
8305
8316
8320
8322
8324
8327
8328
8329
8330
8333
8336
8343
8344
8350
8357
8359
8363
8369
8370
8374
8383
8385
8385
8385
8386
8404
8405
8405
8413
8413
8420
8422
8425
8427
8434
8440
8440
8441
8445
8448
8448
8449
8450
8456
8458
8459
8460
8463
8467
8469
8476
8476
8477
8478
8483
8488
8491
8494
8497
8499
8511
8516
8519
8523
8523
8529
8531
8531
8532
8536
8545
8550
8565
8569
8571
8577
8578
8583
8594
8602
8617
8617
8641
8643
8653
8653
8657
8658
8670
8673
8674
8683
8683
8684
8684
8685
8690
8698
8699
8708
8715
8716
8717
8717
8718
8729
8732
8733
8737
8739
8753
8755
8765
8767
8772
8773
8776
8779
8789
8791
8837
8846
8852
8853
8856
8862
8865
8869
8870
8870
8872
8872
8880
8884
8885
8889
8900
8901
8902
8903
8903
8905
8910
8916
8919
8925
8931
8931
8935
8935
8942
8954
8955
8957
8959
8963
8964
8966
8974
8976
8982
8982
8983
8985
8990
8993
9009
9009
9011
9017
9021
9027
9034
9040
9045
9049
9060
9064
9066
9067
9073
9073
9075
9080
9080
9084
9084
9086
9087
9094
9105
9114
9130
9134
9140
9143
9147
9156
9157
9158
9162
9170
9178
9180
9181
9184
9191
9195
9199
9207
9210
9210
9214
9220
9221
9223
9224
9250
9262
9264
9273
9275
9278
9283
9285
9287
9287
9290
9295
9296
9301
9306
9311
9316
9325
9326
9329
9335
9335
9336
9346
9349
9355
9359
9360
9369
9379
9385
9392
9393
9395
9407
9414
9415
9422
9423
9438
9443
9446
9449
9455
9467
9470
9473
9475
9486
9497
9500
9501
9503
9505
9513
9515
9518
9519
9524
9526
9530
9536
9541
9543
9547
9552
9552
9555
9555
9569
9569
9572
9575
9583
9587
9587
9590
9592
9595
9595
9597
9608
9612
9613
9614
9627
9628
9629
9633
9633
9634
9634
9638
9640
9640
9641
9644
9647
9649
9660
9665
9671
9673
9681
9682
9688
9694
9697
9700
9700
9719
9724
9724
9726
9729
9730
9732
9739
9742
9744
9753
9754
9763
9774
9777
9779
9786
9791
9804
9808
9819
9821
9823
9824
9829
9831
9831
9837
9848
9848
9850
9853
9864
9865
9868
9870
9871
9882
9887
9887
9888
9897
9900
9901
9904
9909
9918
9925
9926
9927
9930
9932
9933
9933
9939
9939
9942
9944
9946
9960
9961
9965
9967
9976
9978
9979
9982
9983
9984
9987
9991
9994
9998
9998
10000
10007
10009
10017
10026
10035
10046
10046
10057
10059
10060
10061
10069
10071
10082
10092
10114
10115
10118
10118
10121
10130
10135
10136
10141
10144
10146
10148
10150
10150
10156
10159
10161
10168
10177
10177
10178
10181
10186
10189
10202
10203
10214
10216
10220
10222
10229
10229
10235
10255
10255
10256
10259
10261
10273
10277
10281
10283
10286
10290
10300
10317
10322
10326
10334
10335
10343
10350
10352
10352
10354
10363
10367
10373
10375
10380
10381
10382
10390
10393
10394
10397
10403
10412
10413
10417
10424
10431
10439
10445
10448
10450
10471
10472
10474
10491
10494
10495
10495
10503
10506
10512
10516
10522
10523
10532
10541
10542
10542
10545
10550
10552
10555
10565
10572
10575
10580
10581
10598
10601
10603
10609
10612
10619
10629
10637
10637
10640
10646
10649
10654
10658
10659
10662
10693
10696
10724
10732
10739
10754
10758
10767
10769
10774
10780
10780
10781
10785
10787
10789
10790
10794
10794
10807
10812
10815
10817
10819
10821
10821
10825
10832
10841
10842
10844
10845
10847
10849
10852
10854
10858
10859
10861
10861
10872
10873
10875
10880
10897
10906
10911
10920
10920
10923
10924
10929
10933
10938
10950
10960
10960
10962
10962
10965
10972
10972
10976
10978
10985
10985
10993
11001
11009
11016
11019
11021
11023
11024
11024
11026
11032
11038
11038
11060
11060
11063
11073
11079
11080
11086
11094
11100
11118
11119
11120
11123
11133
11150
11176
11177
11179
11181
11184
11184
11185
11196
11201
11209
11223
11227
11237
11238
11242
11243
11245
11246
11252
11253
11258
11263
11269
11270
11284
11285
11286
11287
11295
11303
11316
11329
11334
11335
11337
11339
11339
11341
11356
11360
11364
11374
11374
11376
11378
11388
11399
11405
11411
11415
11417
11417
11420
11421
11421
11421
11428
11433
11434
11434
11436
11436
11444
11450
11451
11459
11461
11464
11480
11483
11485
11503
11506
11511
11512
11521
11530
11530
11530
11539
11540
11541
11548
11562
11564
11580
11580
11580
11583
11593
11594
11615
11621
11622
11629
11630
11632
11633
11633
11634
11634
11647
11655
11658
11667
11669
11677
11677
11677
11678
11678
11681
11689
11691
11698
11704
11705
11710
11711
11712
11718
11718
11719
11720
11722
11723
11729
11734
11740
11746
11752
11763
11770
11780
11782
11785
11794
11806
11808
11811
11812
11816
11819
11829
11832
11835
11840
11849
11851
11852
11854
11859
11859
11861
11861
11862
11866
11873
11876
11895
11901
11906
11907
11908
11908
11914
11916
11918
11926
11926
11927
11928
11929
11936
11939
11946
11961
11962
11963
11971
11974
11977
11977
11984
11991
11994
11994
12002
12003
12008
12019
12019
12027
12027
12033
12034
12047
12062
12064
12068
12074
12079
12086
12090
12093
12113
12117
12126
12128
12129
12129
12134
12134
12138
12142
12151
12151
12154
12154
12154
12156
12165
12168
12175
12194
12200
12214
12214
12215
12215
12216
12227
12233
12237
12238
12245
12247
12248
12250
12252
12260
12269
12270
12278
12283
12288
12294
12304
12315
12324
12329
12333
12333
12336
12336
12342
12349
12350
12356
12357
12376
12377
12377
12379
12381
12385
12391
12395
12399
12400
12401
12404
12407
12410
12413
12413
12425
12426
12430
12435
12436
12440
12441
12445
12467
12468
12472
12481
12487
12505
12509
12510
12515
12518
12520
12530
12534
12534
12543
12545
12552
12552
12559
12560
12561
12563
12564
12569
12573
12577
12577
12580
12587
12587
12590
12592
12594
12599
12617
12620
12627
12628
12628
12631
12634
12643
12647
12652
12653
12658
12660
12660
12666
12672
12673
12690
12697
12705
12715
12720
12721
12723
12723
12726
12728
12728
12730
12731
12735
12739
12742
12745
12748
12764
12778
12779
12780
12788
12793
12794
12800
12811
12812
12820
12822
12822
12827
12832
12836
12852
12854
12855
12860
12861
12876
12877
12878
12884
12900
12912
12913
12914
12915
12920
12923
12926
12926
12929
12931
12935
12939
12940
12943
12945
12960
12969
12971
12983
12988
12989
12996
12998
13008
13018
13020
13023
13028
13042
13053
13053
13057
13060
13062
13063
13065
13066
13070
13080
13084
13084
13086
13093
13104
13107
13108
13112
13116
13132
13136
13139
13140
13146
13157
13160
13163
13175
13180
13187
13193
13197
13209
13212
13217
13219
13227
13236
13249
13250
13251
13252
13258
13260
13265
13271
13274
13276
13278
13282
13290
13292
13293
13298
13300
13303
13304
13305
13314
13315
13315
13316
13321
13323
13334
13340
13341
13346
13353
13357
13366
13368
13375
13376
13383
13386
13392
13395
13406
13409
13411
13413
13418
13422
13430
13440
13448
13451
13451
13454
13458
13466
13467
13469
13484
13485
13487
13488
13494
13494
13496
13502
13505
13507
13511
13519
13520
13525
13533
13539
13540
13543
13551
13553
13553
13554
13555
13560
13560
13564
13585
13587
13593
13603
13608
13609
13623
13624
13625
13625
13627
13641
13642
13644
13648
13654
13662
13662
13669
13673
13673
13674
13682
13687
13692
13698
13700
13705
13707
13711
13711
13715
13720
13720
13720
13720
13720
13722
13735
13736
13745
13747
13750
13753
13753
13758
13759
13760
13762
13766
13768
13772
13777
13779
13780
13786
13788
13789
13791
13799
13801
13811
13811
13823
13826
13834
13839
13840
13845
13851
13853
13864
13865
13868
13877
13893
13893
13897
13897
13899
13901
13906
13912
13916
13929
13936
13940
13941
13941
13947
13949
13955
13958
13965
13966
13967
13967
13974
13974
13983
13986
13991
13995
14006
14010
14018
14026
14038
14039
14040
14041
14050
14057
14058
14059
14062
14071
14072
14081
14083
14097
14100
14104
14106
14114
14120
14121
14133
14147
14154
14155
14159
14161
14163
14163
14164
14165
14171
14175
14175
14178
14180
14185
14194
14198
14199
14200
14207
14210
14212
14220
14223
14225
14230
14230
14233
14233
14234
14245
14246
14250
14253
14256
14267
14268
14269
14270
14276
14282
14285
14288
14295
14296
14296
14297
14300
14301
14308
14309
14321
14321
14321
14322
14322
14324
14332
14333
14335
14340
14343
14344
14349
14349
14357
14363
14365
14369
14378
14379
14386
14390
14391
14403
14412
14413
14416
14420
14426
14449
14458
14462
14463
14475
14480
14484
14485
14488
14495
14495
14498
14500
14501
14512
14512
14518
14520
14520
14521
14522
14530
14530
14532
14533
14535
14543
14559
14563
14581
14586
14588
14588
14594
14595
14596
14599
14605
14612
14613
14616
14617
14619
14622
14624
14631
14633
14637
14642
14646
14647
14662
14667
14668
14668
14670
14672
14677
14677
14685
14689
14707
14707
14711
14717
14719
14720
14725
14745
14752
14758
14758
14762
14763
14766
14768
14774
14774
14775
14776
14783
14794
14797
14803
14806
14810
14813
14815
14821
14824
14842
14843
14845
14849
14849
14853
14877
14877
14884
14889
14900
14904
14908
14909
14911
14926
14931
14947
14950
14954
14955
14957
14962
14970
14973
14981
14981
14987
14989
14990
14998
15002
15006
15007
15012
15018
15026
15033
15037
15044
15052
15053
15071
15086
15086
15099
15100
15103
15113
15121
15140
15143
15149
15151
15160
15188
15194
15194
15199
15208
15211
15221
15224
15228
15234
15236
15254
15264
15264
15272
15284
15285
15291
15293
15296
15300
15304
15311
15328
15332
15334
15347
15358
15366
15373
15381
15385
15390
15401
15407
15407
15409
15410
15412
15415
15415
15416
15422
15422
15427
15427
15429
15433
15449
15449
15462
15468
15468
15469
15472
15473
15484
15498
15499
15504
15506
15509
15522
15535
15535
15538
15544
15548
15548
15548
15552
15558
15562
15566
15567
15580
15584
15591
15592
15595
15598
15603
15604
15606
15609
15614
15616
15618
15618
15619
15620
15622
15628
15635
15642
15643
15644
15668
15676
15676
15678
15678
15681
15683
15685
15687
15688
15697
15703
15709
15709
15718
15721
15730
15731
15731
15733
15741
15742
15744
15746
15747
15749
15751
15752
15771
15778
15778
15779
15780
15803
15813
15813
15821
15822
15825
15828
15833
15838
15840
15842
15853
15857
15859
15871
15873
15881
15882
15886
15891
15894
15894
15900
15901
15903
15923
15924
15935
15936
15937
15941
15943
15944
15944
15947
15947
15951
15962
15963
15972
15978
15978
15979
15987
15996
16011
16015
16016
16023
16031
16036
16039
16050
16051
16053
16053
16059
16062
16065
16069
16069
16071
16075
16084
16086
16089
16094
16097
16101
16103
16108
16110
16111
16113
16114
16115
16116
16134
16135
16137
16138
16144
16148
16148
16151
16155
16156
16156
16165
16172
16174
16174
16178
16181
16182
16186
16186
16199
16200
16216
16227
16230
16238
16242
16249
16254
16257
16259
16265
16269
16276
16283
16286
16290
16292
16294
16296
16300
16317
16321
16324
16325
16330
16333
16333
16336
16341
16343
16350
16351
16356
16364
16368
16370
16370
16387
16391
16395
16397
16401
16406
16407
16409
16416
16417
16420
16421
16432
16435
16438
16451
16451
16458
16458
16461
16463
16466
16475
16483
16485
16497
16511
16513
16515
16517
16520
16521
16527
16536
16548
16553
16557
16562
16574
16587
16592
16604
16605
16606
16613
16622
16630
16633
16642
16643
16643
16654
16654
16661
16663
16673
16676
16687
16689
16690
16698
16703
16703
16704
16706
16707
16714
16714
16715
16717
16731
16736
16739
16740
16745
16756
16757
16769
16774
16775
16776
16785
16786
16787
16793
16795
16808
16811
16813
16829
16831
16836
16838
16842
16848
16858
16868
16874
16875
16876
16890
16892
16898
16901
16910
16915
16918
16922
16923
16924
16929
16932
16932
16935
16943
16948
16956
16959
16962
16963
16969
16979
16981
16987
16989
16990
16997
17018
17031
17031
17036
17047
17069
17075
17081
17086
17087
17088
17090
17093
17101
17102
17105
17110
17114
17125
17128
17129
17129
17130
17131
17132
17132
17140
17143
17145
17146
17147
17148
17149
17155
17160
17162
17164
17170
17172
17172
17184
17187
17190
17191
17195
17197
17200
17202
17219
17224
17226
17247
17251
17258
17259
17260
17260
17267
17269
17286
17288
17298
17300
17312
17317
17323
17343
17343
17344
17352
17356
17356
17358
17362
17367
17370
17371
17384
17390
17411
17419
17420
17427
17435
17440
17443
17450
17452
17457
17479
17481
17482
17487
17495
17496
17499
17501
17506
17507
17515
17520
17526
17527
17533
17538
17545
17553
17569
17569
17570
17572
17572
17573
17576
17583
17586
17591
17603
17612
17614
17615
17634
17637
17638
17640
17650
17652
17663
17664
17667
17675
17684
17684
17691
17693
17693
17700
17705
17707
17711
17725
17730
17741
17744
17747
17748
17752
17754
17755
17775
17779
17783
17786
17792
17795
17807
17808
17809
17812
17813
17817
17827
17828
17829
17839
17840
17847
17852
17852
17855
17859
17859
17866
17867
17872
17873
17878
17879
17886
17890
17892
17895
17897
17897
17901
17912
17913
17915
17920
17938
17941
17945
17952
17954
17960
17960
17962
17963
17970
17973
17975
17976
17978
17986
17999
17999
18006
18012
18016
18017
18020
18022
18025
18025
18032
18036
18042
18048
18052
18058
18058
18061
18065
18068
18070
18070
18073
18075
18088
18091
18093
18098
18099
18103
18104
18119
18123
18130
18133
18142
18146
18146
18151
18155
18158
18170
18173
18178
18181
18184
18185
18187
18193
18202
18213
18218
18231
18234
18236
18242
18243
18243
18251
18259
18267
18268
18269
18269
18270
18274
18280
18280
18286
18288
18302
18303
18307
18307
18309
18310
18321
18331
18342
18357
18358
18363
18366
18367
18372
18382
18388
18388
18389
18390
18391
18394
18401
18402
18412
18414
18418
18426
18428
18428
18437
18437
18443
18447
18450
18456
18459
18464
18466
18476
18477
18490
18491
18494
18496
18511
18518
18531
18537
18538
18543
18554
18564
18566
18573
18574
18586
18586
18589
18591
18591
18604
18620
18626
18636
18643
18652
18654
18656
18671
18676
18680
18683
18684
18687
18688
18690
18692
18706
18711
18713
18723
18723
18726
18729
18734
18742
18745
18753
18756
18758
18760
18762
18783
18790
18790
18801
18803
18809
18814
18815
18821
18822
18843
18851
18858
18861
18874
18877
18880
18882
18893
18898
18900
18905
18906
18910
18915
18930
18933
18937
18938
18941
18944
18950
18954
18964
18965
18966
18969
18974
18975
18977
18977
18983
18987
18989
19000
19003
19004
19004
19013
19025
19033
19036
19038
19041
19044
19050
19052
19057
19061
19063
19066
19074
19083
19085
19094
19095
19109
19111
19112
19112
19117
19122
19132
19133
19138
19140
19159
19160
19169
19169
19177
19180
19185
19186
19194
19215
19216
19225
19230
19232
19234
19237
19239
19247
19255
19258
19260
19281
19284
19293
19295
19296
19310
19313
19313
19314
19316
19318
19322
19327
19345
19359
19368
19369
19376
19381
19384
19390
19395
19402
19403
19414
19426
19428
19428
19432
19433
19435
19441
19442
19446
19447
19448
19451
19453
19454
19458
19466
19469
19483
19485
19492
19499
19507
19507
19512
19514
19516
19517
19518
19522
19532
19532
19538
19543
19544
19548
19565
19565
19567
19568
19576
19578
19589
19591
19602
19604
19608
19618
19618
19620
19645
19648
19649
19661
19669
19672
19674
19685
19695
19695
19699
19700
19700
19702
19703
19706
19716
19726
19727
19734
19748
19759
19764
19765
19772
19775
19776
19793
19802
19804
19811
19815
19822
19834
19839
19841
19841
19847
19848
19852
19856
19863
19873
19874
19876
19878
19892
19898
19899
19901
19912
19912
19919
19924
19926
19929
19930
19951
19951
19957
19958
19960
19964
19967
19975
19976
19979
19984
19985
19987
20000
20001
20012
20013
20015
20017
20023
20026
20026
20027
20037
20044
20046
20051
20054
20054
20055
20060
20066
20071
20085
20091
20097
20098
20101
20103
20109
20110
20120
20123
20127
20134
20141
20154
20159
20160
20182
20193
20196
20199
20208
20209
20224
20225
20231
20240
20243
20255
20258
20260
20261
20279
20279
20291
20293
20294
20296
20297
20299
20305
20305
20306
20310
20319
20321
20340
20342
20342
20347
20347
20365
20367
20371
20374
20378
20381
20387
20396
20397
20400
20404
20413
20415
20434
20437
20439
20441
20441
20443
20450
20453
20456
20456
20457
20458
20462
20466
20467
20470
20470
20475
20477
20490
20491
20494
20512
20527
20530
20532
20534
20534
20537
20537
20554
20557
20560
20561
20562
20569
20571
20578
20593
20595
20600
20607
20619
20620
20634
20638
20640
20642
20654
20660
20665
20665
20667
20668
20672
20684
20685
20689
20690
20694
20709
20710
20725
20735
20739
20743
20752
20759
20759
20763
20764
20765
20766
20769
20775
20777
20784
20785
20787
20795
20801
20816
20821
20823
20827
20835
20839
20841
20841
20843
20844
20850
20850
20854
20862
20865
20875
20876
20879
20886
20899
20908
20917
20919
20922
20923
20926
20927
20935
20938
20939
20943
20945
20946
20965
20968
20980
20996
21000
21007
21009
21011
21013
21014
21014
21020
21022
21033
21038
21052
21053
21054
21060
21067
21068
21073
21081
21089
21090
21092
21093
21094
21097
21101
21122
21124
21133
21134
21135
21137
21140
21144
21146
21153
21153
21155
21162
21169
21174
21179
21192
21195
21195
21195
21196
21198
21205
21208
21214
21215
21215
21217
21217
21220
21235
21237
21240
21241
21242
21249
21255
21257
21262
21270
21274
21283
21285
21291
21293
21293
21295
21299
21301
21303
21304
21313
21317
21318
21318
21319
21320
21325
21326
21335
21353
21357
21357
21357
21358
21365
21367
21368
21370
21376
21378
21383
21384
21384
21389
21394
21398
21399
21407
21410
21412
21419
21423
21431
21437
21437
21450
21452
21454
21466
21491
21496
21500
21507
21508
21521
21521
21521
21523
21525
21527
21535
21539
21540
21556
21557
21557
21559
21570
21575
21584
21584
21589
21594
21596
21602
21612
21615
21617
21617
21626
21628
21630
21632
21637
21638
21640
21640
21641
21645
21649
21653
21653
21663
21683
21700
21707
21708
21711
21713
21715
21715
21721
21726
21730
21731
21734
21741
21744
21761
21762
21768
21772
21772
21781
21784
21792
21793
21801
21805
21806
21808
21822
21824
21826
21832
21849
21850
21854
21858
21861
21871
21875
21877
21879
21884
21885
21885
21886
21888
21891
21891
21905
21909
21917
21919
21919
21928
21932
21934
21941
21954
21955
21957
21960
21964
21968
21970
21972
21972
21973
21978
21985
21986
21986
21997
22002
22005
22009
22014
22021
22024
22033
22033
22035
22045
22046
22052
22061
22065
22070
22072
22080
22081
22082
22083
22086
22086
22105
22111
22119
22126
22135
22137
22156
22158
22165
22170
22171
22176
22199
22201
22219
22223
22224
22226
22228
22231
22234
22238
22245
22254
22256
22259
22260
22261
22262
22263
22266
22277
22285
22295
22308
22315
22317
22326
22333
22337
22340
22354
22355
22359
22364
22368
22375
22375
22376
22377
22382
22384
22389
22394
22394
22396
22403
22407
22409
22416
22422
22425
22428
22429
22430
22439
22451
22461
22470
22482
22486
22507
22509
22510
22510
22514
22527
22528
22535
22536
22540
22545
22548
22549
22551
22558
22565
22572
22573
22579
22580
22580
22583
22585
22589
22599
22608
22616
22616
22616
22617
22618
22620
22626
22637
22640
22642
22643
22645
22648
22650
22655
22661
22666
22667
22673
22674
22687
22687
22692
22695
22703
22706
22712
22712
22715
22723
22732
22734
22734
22735
22736
22739
22748
22753
22761
22768
22778
22780
22782
22794
22796
22800
22800
22813
22818
22822
22830
22831
22832
22837
22842
22856
22858
22861
22865
22866
22867
22868
22868
22873
22876
22879
22881
22888
22895
22898
22901
22901
22903
22903
22903
22908
22914
22915
22930
22931
22931
22982
22991
22993
22998
23002
23004
23010
23013
23017
23030
23033
23034
23035
23035
23052
23052
23054
23056
23056
23071
23082
23085
23085
23087
23087
23090
23100
23103
23104
23104
23106
23109
23110
23113
23114
23133
23133
23133
23134
23135
23139
23142
23155
23157
23160
23163
23164
23167
23171
23184
23188
23189
23189
23203
23205
23206
23207
23207
23211
23214
23216
23224
23230
23232
23233
23241
23248
23254
23255
23259
23263
23264
23268
23271
23274
23286
23290
23297
23300
23301
23301
23301
23304
23305
23311
23317
23324
23325
23329
23338
23339
23353
23358
23361
23363
23369
23371
23378
23380
23380
23388
23394
23397
23398
23399
23401
23404
23405
23410
23414
23416
23419
23420
23430
23440
23441
23447
23458
23459
23462
23467
23469
23473
23477
23482
23484
23488
23506
23511
23521
23522
23525
23530
23533
23533
23536
23539
23546
23552
23553
23554
23563
23565
23571
23573
23576
23605
23607
